RHO = .5  M = 20  N = 10   SIGMA =  1.488934271883534
RHO = .5  M = 40  N = 20   SIGMA =  1.488920312974229
RHO = .5  M = 60  N = 30   SIGMA =  1.488920697912116
